{
	"Camera" : 
	{
		"distortion_coeffs" : 
		[
			-0.035597599642557251,
			-0.0050937213109994162,
			0.019716282737702494,
			-0.01583280039499382
		],
		"distortion_model" : "equidistant",
		"intrinsics" : 
		[
			527.99907063300816,
			527.96349580724495,
			399.18451401412665,
			172.81931083476931
		],
		"model" : "fisheye",
		"resolution" : 
		[
			800,
			400
		]
	},
	"Homo" : 
	{
		"T_cam0_cam1" : 
		[
			[
				0.99963046193177041,
				0.0035215120940828536,
				-0.026954378691529945,
				-0.058864247318638263
			],
			[
				-0.0035483229379787515,
				0.99999325636083369,
				-0.00094690927922376445,
				-0.11113759627934172
			],
			[
				0.026950862368447626,
				0.0010422022003878425,
				0.99963621624677557,
				2.1666674892889688
			],
			[
				0.0,
				0.0,
				0.0,
				1.0
			]
		],
		"T_cam10_cam11" : 
		[
			[
				0.99985403767684089,
				0.0029595981482878897,
				-0.016826886821978859,
				-0.046657676058032393
			],
			[
				-0.0029078036889908648,
				0.99999096199239945,
				0.0031017110152706038,
				-0.096949963133390327
			],
			[
				0.016835914558625133,
				-0.0030523289987498662,
				0.99985360691886205,
				1.6995771401611464
			],
			[
				0.0,
				0.0,
				0.0,
				1.0
			]
		],
		"T_cam11_cam12" : 
		[
			[
				0.99978331732205861,
				0.00095238077408679039,
				-0.020794503489169842,
				-0.0527487934501778
			],
			[
				-0.00070753910701360639,
				0.99993038039138848,
				0.011778529566353939,
				-0.099597486627189369
			],
			[
				0.020804273429081557,
				-0.011761264438595676,
				0.99971438664545287,
				2.0006260955496131
			],
			[
				0.0,
				0.0,
				0.0,
				1.0
			]
		],
		"T_cam12_cam13" : 
		[
			[
				0.9998743899653687,
				7.0648828130966124e-05,
				-0.01584926812583954,
				-0.027789934106237979
			],
			[
				-9.9027358153078171e-05,
				0.99999839349555975,
				-0.0017897485527299142,
				-0.11976742883437019
			],
			[
				0.015849116220282157,
				0.0017910932535032292,
				0.99987279065888823,
				1.5962039387029421
			],
			[
				0.0,
				0.0,
				0.0,
				1.0
			]
		],
		"T_cam13_cam14" : 
		[
			[
				0.99980381222691495,
				-0.0036747877498384748,
				-0.019463632536623168,
				-0.039669359796164372
			],
			[
				0.0034521614097519707,
				0.99992838046449239,
				-0.011459342182605721,
				-0.11376148945183928
			],
			[
				0.019504349210575835,
				0.011389902398645057,
				0.99974489270274369,
				1.8268351137015841
			],
			[
				0.0,
				0.0,
				0.0,
				1.0
			]
		],
		"T_cam14_cam15" : 
		[
			[
				0.99981136875434939,
				-0.0014062277725607059,
				-0.019371355992980736,
				-0.043550598529918716
			],
			[
				0.0013998752731094258,
				0.99999896186679393,
				-0.00034148873310080796,
				-0.094886742335113183
			],
			[
				0.019371816093872899,
				0.00031430683539485755,
				0.99981229936045446,
				1.8019933647327164
			],
			[
				0.0,
				0.0,
				0.0,
				1.0
			]
		],
		"T_cam15_cam16" : 
		[
			[
				0.99971605127022234,
				-0.0022485188436690874,
				-0.02372258408529089,
				-0.052367563871030143
			],
			[
				0.0022967817611410819,
				0.99999534751667163,
				0.0020074208709157269,
				-0.064304969933841605
			],
			[
				0.02371795999270844,
				-0.0020613364647633784,
				0.99971656446503021,
				1.8028327947289
			],
			[
				0.0,
				0.0,
				0.0,
				1.0
			]
		],
		"T_cam16_cam17" : 
		[
			[
				0.99971699305275863,
				0.002697143224010979,
				-0.023635973006828064,
				-0.050831311766216913
			],
			[
				-0.002633425399703189,
				0.99999281558023201,
				0.0027265103308210434,
				-0.11663624452712185
			],
			[
				0.023643156984940607,
				-0.0026634951377930323,
				0.99971691339170421,
				1.7721334221374967
			],
			[
				0.0,
				0.0,
				0.0,
				1.0
			]
		],
		"T_cam17_cam18" : 
		[
			[
				0.9998608878408155,
				0.0017593692321326918,
				-0.016586427767348991,
				-0.036553114278149224
			],
			[
				-0.0017910927028823853,
				0.99999659487046499,
				-0.0018979553221605012,
				-0.053551133660102224
			],
			[
				0.016583032084216048,
				0.001927399123238699,
				0.99986063437836892,
				1.1863050647140874
			],
			[
				0.0,
				0.0,
				0.0,
				1.0
			]
		],
		"T_cam18_cam19" : 
		[
			[
				0.99979871449291091,
				0.0034101278322649989,
				-0.019771229766766679,
				-0.046489394466732392
			],
			[
				-0.0033674081588641533,
				0.99999192433300033,
				0.0021935886292507138,
				-0.063632500086159283
			],
			[
				0.019778550518536053,
				-0.0021265692912237795,
				0.99980212374371102,
				1.4879306498627116
			],
			[
				0.0,
				0.0,
				0.0,
				1.0
			]
		],
		"T_cam19_cam20" : 
		[
			[
				0.99982830194501604,
				0.0032376003162003369,
				-0.018245124662186391,
				-0.041617460481006674
			],
			[
				-0.0031302396410986671,
				0.99997763745753809,
				0.0059098379529604365,
				-0.093220140551299124
			],
			[
				0.018263850348036306,
				-0.0058517116328041571,
				0.99981607770701075,
				1.4655295061443656
			],
			[
				0.0,
				0.0,
				0.0,
				1.0
			]
		],
		"T_cam1_cam2" : 
		[
			[
				0.99972200303902814,
				0.0024098764765113842,
				-0.023454405449764376,
				-0.039737991081381097
			],
			[
				-0.0023764057055785694,
				0.99999611808289957,
				0.001454824750486446,
				-0.085619515872510377
			],
			[
				0.023457820349650355,
				-0.0013986831306951114,
				0.99972384904529721,
				1.7825493640459058
			],
			[
				0.0,
				0.0,
				0.0,
				1.0
			]
		],
		"T_cam20_cam21" : 
		[
			[
				0.9995745311172064,
				0.0010903336679388767,
				-0.029147348323804834,
				-0.072184114702849911
			],
			[
				-0.0012653065540986289,
				0.99998128755689764,
				-0.0059852765494247994,
				-0.13090181467913631
			],
			[
				0.029140276957174138,
				0.0060196103313666233,
				0.99955720624200273,
				2.3728983433510731
			],
			[
				0.0,
				0.0,
				0.0,
				1.0
			]
		],
		"T_cam21_cam22" : 
		[
			[
				0.99990678931248977,
				0.0017388103073399525,
				-0.013542127805619836,
				-0.036489546321320177
			],
			[
				-0.0017139162128014807,
				0.99999682062094475,
				0.0018496592167299413,
				-0.05674434140326845
			],
			[
				0.013545300956573497,
				-0.0018262767363206893,
				0.99990659040496288,
				1.196788323776584
			],
			[
				0.0,
				0.0,
				0.0,
				1.0
			]
		],
		"T_cam22_cam23" : 
		[
			[
				0.99993160070702691,
				0.0018276516591934702,
				-0.011552211775074789,
				-0.032737637035040734
			],
			[
				-0.0018461403089855555,
				0.99999703185842725,
				-0.0015899812249653041,
				-0.043886184416354723
			],
			[
				0.01154927155465077,
				0.0016111994751895897,
				0.99993200686987149,
				1.2015101458405359
			],
			[
				0.0,
				0.0,
				0.0,
				1.0
			]
		],
		"T_cam23_cam24" : 
		[
			[
				0.99992490879921925,
				-0.0018012072423767289,
				-0.012121568188275395,
				-0.028310010501400029
			],
			[
				0.0017348444107955843,
				0.99998346303321506,
				-0.0054830625538216781,
				-0.017410448437278347
			],
			[
				0.01213124386628725,
				0.0054616217892490947,
				0.99991149788853217,
				1.1998864047273876
			],
			[
				0.0,
				0.0,
				0.0,
				1.0
			]
		],
		"T_cam24_cam25" : 
		[
			[
				0.99986354904895081,
				0.003659837127259917,
				-0.016108658399707876,
				-0.029592772541832346
			],
			[
				-0.0036407667410308028,
				0.99999263666545224,
				0.0012130261393270385,
				-0.11904139878132725
			],
			[
				0.01611297926436811,
				-0.0011542127530125203,
				0.99986951133242741,
				1.5326495389561536
			],
			[
				0.0,
				0.0,
				0.0,
				1.0
			]
		],
		"T_cam25_cam26" : 
		[
			[
				0.9999299315096033,
				0.005402990292543125,
				-0.010532794837972981,
				-0.038085012106364502
			],
			[
				-0.0053692681968395342,
				0.99998037761444258,
				0.0032272813802061654,
				-0.054242433127946299
			],
			[
				0.01055002512938033,
				-0.0031705018491244054,
				0.99993932060290247,
				1.5301619281354482
			],
			[
				0.0,
				0.0,
				0.0,
				1.0
			]
		],
		"T_cam26_cam27" : 
		[
			[
				0.99997349193398288,
				0.0014045872592447772,
				-0.0071444078822594237,
				-0.022361449082950458
			],
			[
				-0.0014272291201150103,
				0.99999397268172052,
				-0.003165061969233704,
				-0.057571801137528134
			],
			[
				0.0071399192149225743,
				0.003175174776537398,
				0.99996946944331377,
				1.2402318117685489
			],
			[
				0.0,
				0.0,
				0.0,
				1.0
			]
		],
		"T_cam27_cam28" : 
		[
			[
				0.99997267601693263,
				-0.0012768665974115592,
				-0.0072812657709602491,
				-0.01926388032933346
			],
			[
				0.0012649214793833546,
				0.99999784714153173,
				-0.0016448969430708643,
				-0.06382544991170036
			],
			[
				0.0072833504093880452,
				0.0016356417684641345,
				0.99997213835327425,
				1.2466935924112459
			],
			[
				0.0,
				0.0,
				0.0,
				1.0
			]
		],
		"T_cam28_cam29" : 
		[
			[
				0.99997275520359508,
				-0.0023953547244812134,
				-0.0069822006756325161,
				-0.016687162858545435
			],
			[
				0.0024287171403585897,
				0.99998565668210637,
				0.0047736530151548835,
				-0.049536630964936101
			],
			[
				0.0069706659354058231,
				-0.0047904807484085762,
				0.99996422991555856,
				1.2749329781213365
			],
			[
				0.0,
				0.0,
				0.0,
				1.0
			]
		],
		"T_cam29_cam30" : 
		[
			[
				0.99997266908845417,
				-0.00012446280283652522,
				-0.0073922652227574326,
				-0.014479844900904482
			],
			[
				0.00015278280376239406,
				0.999992651590488,
				0.0038305903512697963,
				-0.05418605618913297
			],
			[
				0.0073917341353535726,
				-0.0038316150687509078,
				0.99996533989555692,
				1.2919043747875705
			],
			[
				0.0,
				0.0,
				0.0,
				1.0
			]
		],
		"T_cam2_cam3" : 
		[
			[
				0.9997900619659944,
				0.00023812739253987331,
				-0.020488418420605975,
				-0.049028029147336838
			],
			[
				-6.0414733076611521e-05,
				0.99996237839593261,
				0.0086739923224203944,
				-0.066905753582945593
			],
			[
				0.020489713128614667,
				-0.0086709335191951838,
				0.99975246264653561,
				1.8185795219237377
			],
			[
				0.0,
				0.0,
				0.0,
				1.0
			]
		],
		"T_cam30_cam31" : 
		[
			[
				0.99997872488770778,
				0.00074714981404105929,
				-0.0064800878936812634,
				-0.024429720757325413
			],
			[
				-0.00077537915266376323,
				0.99999021675721578,
				-0.0043549026425510236,
				-0.064721273336244778
			],
			[
				0.0064767707327088309,
				0.0043598345165685535,
				0.99996952117745264,
				1.2567088259236812
			],
			[
				0.0,
				0.0,
				0.0,
				1.0
			]
		],
		"T_cam31_cam32" : 
		[
			[
				0.99998665520514984,
				0.0005605813148654229,
				-0.0051356752434329467,
				-0.014530097764065886
			],
			[
				-0.00058148695068596656,
				0.99999154812128577,
				-0.0040700809476839576,
				-0.058041664681889316
			],
			[
				0.0051333502259994779,
				0.0040730129614257073,
				0.99997852940994381,
				1.2565840364034528
			],
			[
				0.0,
				0.0,
				0.0,
				1.0
			]
		],
		"T_cam32_cam33" : 
		[
			[
				0.99999598540193491,
				0.00039516715028763832,
				-0.0028058907565007285,
				-0.0089214560546793109
			],
			[
				-0.00038805916295556186,
				0.99999671581902272,
				0.0025333300723162956,
				-0.042403050354495875
			],
			[
				0.0028068826302727334,
				-0.0025322310503960443,
				0.99999285458237541,
				0.95515014999078929
			],
			[
				0.0,
				0.0,
				0.0,
				1.0
			]
		],
		"T_cam33_cam34" : 
		[
			[
				0.99998790296182138,
				0.00052141228415013979,
				-0.0048910182221201803,
				-0.019520010865733184
			],
			[
				-0.00048486980722967782,
				0.99997198492403505,
				0.0074695561016480359,
				-0.072027817289329832
			],
			[
				0.0048947759181819928,
				-0.0074670942350799022,
				0.99996014104182973,
				1.2640422043216386
			],
			[
				0.0,
				0.0,
				0.0,
				1.0
			]
		],
		"T_cam34_cam35" : 
		[
			[
				0.99999261169834563,
				-0.00021563095535125087,
				-0.0038379749885735226,
				-0.0084130688474601811
			],
			[
				0.00022054930039174664,
				0.99999915504734438,
				0.0012811177165434635,
				-0.048259409563341293
			],
			[
				0.0038376954970290589,
				-0.0012819547139581861,
				0.99999181430918882,
				0.94466862214334668
			],
			[
				0.0,
				0.0,
				0.0,
				1.0
			]
		],
		"T_cam35_cam36" : 
		[
			[
				0.99999285538151172,
				0.00019940048225616097,
				-0.0037748411064008613,
				-0.013570568708473729
			],
			[
				-0.00020822886010145314,
				0.99999724404171508,
				-0.0023384930437986215,
				-0.033611095603012231
			],
			[
				0.0037743644064556769,
				0.0023392623670187435,
				0.99999014096385253,
				0.94654330576380374
			],
			[
				0.0,
				0.0,
				0.0,
				1.0
			]
		],
		"T_cam36_cam37" : 
		[
			[
				0.99999226114981343,
				-0.00050689438242105395,
				-0.0039013713702513719,
				-0.0092786829965234574
			],
			[
				0.00048999367793399473,
				0.9999904979738341,
				-0.0043317280891587567,
				-0.04767453599115079
			],
			[
				0.0039035300279530727,
				0.0043297829192570445,
				0.99998300757222514,
				0.9288333435971321
			],
			[
				0.0,
				0.0,
				0.0,
				1.0
			]
		],
		"T_cam37_cam38" : 
		[
			[
				0.99998150543347719,
				-0.0016556427443183211,
				-0.0058521481611635839,
				-0.012260741963075361
			],
			[
				0.0016791669134908413,
				0.99999052151041834,
				0.0040171243196367844,
				-0.050911951891944085
			],
			[
				0.005845441768905113,
				-0.0040268767582284475,
				0.99997480721971255,
				1.273733509390043
			],
			[
				0.0,
				0.0,
				0.0,
				1.0
			]
		],
		"T_cam3_cam4" : 
		[
			[
				0.99954469090389986,
				0.0025850130761673577,
				-0.030062078990377356,
				-0.073535873221999282
			],
			[
				-0.0026507212925875358,
				0.9999941839398172,
				-0.0021461041838354688,
				-0.12457149552022173
			],
			[
				0.030056356440138793,
				0.0022248132359588054,
				0.99954572964102473,
				2.5018632467973561
			],
			[
				0.0,
				0.0,
				0.0,
				1.0
			]
		],
		"T_cam4_cam5" : 
		[
			[
				0.99966216178309586,
				0.0013655377081333055,
				-0.025955685425654851,
				-0.061721110168832638
			],
			[
				-0.0013747620971760813,
				0.99999899804449544,
				-0.00033754878484745657,
				-0.12884797720676033
			],
			[
				0.02595519848361888,
				0.00037311764049732538,
				0.99966303745557317,
				2.5183840734739533
			],
			[
				0.0,
				0.0,
				0.0,
				1.0
			]
		],
		"T_cam5_cam6" : 
		[
			[
				0.99972418294895304,
				0.0021047576629029778,
				-0.023390767884531039,
				-0.059461278817479979
			],
			[
				-0.002126029754864308,
				0.99999734874407054,
				-0.0008845916071297164,
				-0.10462929104361329
			],
			[
				0.023388844018655541,
				0.000934077090192738,
				0.99972600720170335,
				2.1397321851313791
			],
			[
				0.0,
				0.0,
				0.0,
				1.0
			]
		],
		"T_cam6_cam7" : 
		[
			[
				0.99983635806694626,
				0.0013154883228802088,
				-0.018042355109504915,
				-0.048120686501363252
			],
			[
				-0.0014413546195642529,
				0.99997470581730064,
				-0.0069649280300110999,
				-0.075794535779568406
			],
			[
				0.018032736461385576,
				0.0069897937076093524,
				0.99981296410860732,
				1.7630901547977089
			],
			[
				0.0,
				0.0,
				0.0,
				1.0
			]
		],
		"T_cam7_cam8" : 
		[
			[
				0.99969261358968808,
				0.0032017185992192741,
				-0.02458510386861236,
				-0.056305587302858839
			],
			[
				-0.0035173578510364172,
				0.99991181152635367,
				-0.012806145549463939,
				-0.1305318482675748
			],
			[
				0.024541934071437205,
				0.012888683722464621,
				0.99961571381403169,
				2.1297807584144408
			],
			[
				0.0,
				0.0,
				0.0,
				1.0
			]
		],
		"T_cam8_cam9" : 
		[
			[
				0.99986570310385636,
				0.0020053689520932519,
				-0.016265123792886485,
				-0.039074130063397661
			],
			[
				-0.0019284554749143673,
				0.99998689221676285,
				0.0047430427093076346,
				-0.087409107022704546
			],
			[
				0.016274422143756961,
				-0.0047110391663646757,
				0.9998564643456882,
				1.7516007433871152
			],
			[
				0.0,
				0.0,
				0.0,
				1.0
			]
		],
		"T_cam9_cam10" : 
		[
			[
				0.99962807103383677,
				0.00098176557413346549,
				-0.02725354541206202,
				-0.072997800590258066
			],
			[
				-0.0008701201921833962,
				0.99999118315487789,
				0.0041081021601362963,
				-0.11201062102424508
			],
			[
				0.027257338315049291,
				-0.0040828603777756448,
				0.99962011172200516,
				2.4547154474039985
			],
			[
				0.0,
				0.0,
				0.0,
				1.0
			]
		]
	}
}